0.0000 -1.8753 -2.3048 1.9552 -0.6692 0.5000 0.5000
0.0634 -1.8978 -2.2455 1.9107 -0.7358 0.5148 0.5148
0.1748 -1.9304 -2.1390 1.8219 -0.8584 0.5148 0.5148
0.3136 -1.9565 -2.0026 1.6964 -0.9510 0.5148 0.5148
0.4653 -1.9648 -1.8512 1.5553 -0.9117 0.4393 0.4393
0.6233 -1.9516 -1.6937 1.4238 -0.7539 0.4061 0.4061
0.7861 -1.9187 -1.5343 1.3152 -0.5814 0.4052 0.4052
0.9535 -1.8692 -1.3744 1.2301 -0.4351 0.4144 0.4144
1.1254 -1.8064 -1.2144 1.1666 -0.3043 0.4179 0.4179
1.3012 -1.7334 -1.0544 1.1229 -0.1930 0.4294 0.4294
1.4800 -1.6536 -0.8944 1.0954 -0.1139 0.3929 0.3929
1.6608 -1.5694 -0.7344 1.0795 -0.0618 0.4031 0.4031
1.8427 -1.4829 -0.5744 1.0720 -0.0209 0.3860 0.3860
2.0250 -1.3956 -0.4144 1.0715 0.0149 0.4000 0.4000
2.2070 -1.3088 -0.2544 1.0766 0.0418 0.3808 0.3808
2.3883 -1.2235 -0.0944 1.0855 0.0564 0.3905 0.3905
2.5687 -1.1401 0.0656 1.0958 0.0574 0.3833 0.3833
2.7482 -1.0588 0.2256 1.1048 0.0433 0.3716 0.3716
2.9270 -0.9789 0.3856 1.1097 0.0107 0.3890 0.3890
3.1057 -0.8993 0.5456 1.1070 -0.0410 0.3625 0.3625
3.2850 -0.8182 0.7055 1.0938 -0.1061 0.3912 0.3912
3.4656 -0.7334 0.8649 1.0675 -0.1852 0.3992 0.3992
3.6479 -0.6422 1.0228 1.0238 -0.2943 0.3936 0.3936
3.8315 -0.5418 1.1765 0.9553 -0.4512 0.3758 0.3758
4.0144 -0.4293 1.3206 0.8538 -0.6594 0.3744 0.3744
4.1934 -0.3029 1.4475 0.7136 -0.9073 0.3829 0.3829
4.3657 -0.1636 1.5488 0.5369 -1.1470 0.3945 0.3945
4.5307 -0.0143 1.6190 0.3386 -1.2625 0.3860 0.3860
4.6907 0.1412 1.6570 0.1443 -1.1708 0.3667 0.3667
4.8494 0.2996 1.6661 -0.0243 -0.9576 0.3500 0.3500
5.0097 0.4591 1.6508 -0.1609 -0.7481 0.3547 0.3547
5.1734 0.6190 1.6155 -0.2685 -0.5663 0.3667 0.3667
5.3415 0.7790 1.5641 -0.3493 -0.3949 0.3672 0.3672
5.5137 0.9390 1.5003 -0.4046 -0.2481 0.3672 0.3672
5.6891 1.0988 1.4282 -0.4407 -0.1632 0.3758 0.3758
5.8666 1.2582 1.3501 -0.4703 -0.1706 0.3758 0.3758
6.0453 1.4161 1.2662 -0.5106 -0.2802 0.3801 0.3801
6.2246 1.5697 1.1738 -0.5782 -0.4736 0.3808 0.3808
6.4030 1.7141 1.0690 -0.6838 -0.7109 0.3891 0.3891
6.5783 1.8420 0.9491 -0.8297 -0.9543 0.4254 0.4254
6.7484 1.9455 0.8141 -1.0101 -1.1698 0.4607 0.4607
6.9125 2.0186 0.6672 -1.2111 -1.2861 0.4730 0.4730
7.0721 2.0594 0.5129 -1.4113 -1.2282 0.4710 0.4710
7.2302 2.0700 0.3551 -1.5917 -1.0555 0.4400 0.4400
7.3895 2.0539 0.1967 -1.7486 -0.9162 0.4342 0.4342
7.5510 2.0138 0.0402 -1.8940 -0.8857 0.4588 0.4588
7.7141 1.9507 -0.1101 -2.0452 -0.9704 0.4610 0.4610
7.8765 1.8647 -0.2479 -2.2172 -1.1496 0.3828 0.3828
8.0363 1.7567 -0.3657 -2.4121 -1.2955 0.4002 0.4002
8.1941 1.6294 -0.4588 -2.6042 -1.1453 0.3547 0.3547
8.3529 1.4871 -0.5293 -2.7453 -0.6328 0.3448 0.3448
8.5149 1.3356 -0.5867 -2.7963 0.0034 0.3423 0.3423
8.6808 1.1803 -0.6452 -2.7524 0.5255 0.3622 0.3622
8.8515 1.0260 -0.7181 -2.6410 0.7820 0.4276 0.4276
9.0283 0.8770 -0.8134 -2.5037 0.7721 0.4410 0.4410
9.2118 0.7372 -0.9322 -2.3754 0.6275 0.4441 0.4441
9.4002 0.6087 -1.0699 -2.2736 0.4539 0.4244 0.4244
9.5906 0.4912 -1.2198 -2.2024 0.2942 0.4327 0.4327
9.7808 0.3826 -1.3759 -2.1586 0.1659 0.4478 0.4478
9.9700 0.2797 -1.5347 -2.1361 0.0719 0.4478 0.4478
10.1585 0.1794 -1.6943 -2.1299 -0.0062 0.4565 0.4565
10.3467 0.0790 -1.8535 -2.1399 -0.0998 0.4579 0.4579
10.5354 -0.0248 -2.0111 -2.1710 -0.2297 0.4607 0.4607
10.7244 -0.1357 -2.1641 -2.2296 -0.3909 0.4472 0.4472
10.9123 -0.2569 -2.3077 -2.3191 -0.5614 0.4482 0.4482
11.0970 -0.3900 -2.4357 -2.4372 -0.7176 0.4301 0.4301
11.2760 -0.5340 -2.5421 -2.5766 -0.8419 0.4410 0.4410
11.4482 -0.6859 -2.6231 -2.7297 -0.9378 0.4301 0.4301
11.6137 -0.8424 -2.6771 -2.8920 -1.0252 0.4393 0.4393
11.7741 -1.0005 -2.7036 -3.0608 -1.0830 0.4700 0.4700
11.9313 -1.1577 -2.7031 3.0555 -1.0442 0.4827 0.4827
12.0859 -1.3103 -2.6779 2.9044 -0.9113 0.4838 0.4838
12.2350 -1.4527 -2.6336 2.7784 -0.7795 0.4965 0.4965
12.3716 -1.5776 -2.5785 2.6750 -0.7354 0.4965 0.4965
12.4877 -1.6789 -2.5217 2.5840 -0.8319 0.5000 0.5000
12.5792 -1.7544 -2.4701 2.4966 -1.0812 0.4982 0.4982
12.6460 -1.8062 -2.4278 2.4147 -1.3674 0.5080 0.5080
12.6903 -1.8384 -2.3974 2.3517 -1.4809 0.5104 0.5104
12.7127 -1.8539 -2.3813 2.3179 -1.5405 0.5148 0.5148
